

blocket curls


// STOCKHOLM
curl 'https://api.qasa.se/v1/homes/search' \
  -H 'Connection: keep-alive' \
  -H 'Accept: application/json' \
  -H 'X-Brand: blocket' \
  -H 'User-Agent: Mozilla/5.0 (Macintosh; Intel Mac OS X 10_15_7) AppleWebKit/537.36 (KHTML, like Gecko) Chrome/86.0.4240.193 Safari/537.36' \
  -H 'Content-Type: application/json' \
  -H 'Origin: https://bostad.blocket.se' \
  -H 'Sec-Fetch-Site: cross-site' \
  -H 'Sec-Fetch-Mode: cors' \
  -H 'Sec-Fetch-Dest: empty' \
  -H 'Referer: https://bostad.blocket.se/' \
  -H 'Accept-Language: en-US,en;q=0.9,ko;q=0.8,hr;q=0.7,sv;q=0.6' \
  --data-binary '{"minRoomCount":"3","maxRoomCount":null,"maxRent":"24000","currency":null,"minRentalLength":"2592000","maxRentalLength":"62208000","minSquareMeters":"50","moveInEarliest":"2020-12-01","moveOutEarliest":null,"moveOutLatest":null,"sharedHomeOk":false,"hasPets":false,"requiresWheelchairAccessible":false,"furnished":"furnished_both","safeRental":false,"homeType":["apartment","terrace_house","loft","duplex"],"matchingArea":{"type":"MultiPolygon","coordinates":[[[[17.7606917,59.3917673],[17.762308,59.3887845],[17.7750968,59.3835394],[17.7884864,59.3703356],[17.7880572,59.3667059],[17.7962864,59.3551189],[17.8162086,59.3581764],[17.8231912,59.355337],[17.8242614,59.3549017],[17.8250321,59.3545883],[17.8250544,59.3544618],[17.8252061,59.3542241],[17.8252496,59.354133],[17.8253273,59.3540321],[17.8253709,59.353941],[17.8254513,59.3538669],[17.8264165,59.353149],[17.8266329,59.3530264],[17.8269276,59.3528821],[17.8280669,59.3521086],[17.828881,59.3517597],[17.8294136,59.3515315],[17.8310584,59.3508266],[17.8408431,59.3523143],[17.85082,59.3483075],[17.8583584,59.344994],[17.862342,59.3432428],[17.8637932,59.3425167],[17.8701277,59.339347],[17.8746052,59.338649],[17.878246,59.3365825],[17.8798961,59.3362094],[17.8826219,59.3355941],[17.8846815,59.3348061],[17.8882216,59.3334515],[17.8902747,59.3337831],[17.8933715,59.3342833],[17.8960319,59.3331329],[17.9017063,59.3300908],[17.9068153,59.3277921],[17.908457,59.3274238],[17.9131796,59.3259357],[17.9167297,59.3249937],[17.9196923,59.3236415],[17.9263305,59.3218486],[17.9284781,59.3212628],[17.9335354,59.3198832],[17.9398059,59.3179947],[17.9456911,59.3150488],[17.9494605,59.3135205],[17.9548266,59.3107006],[17.9530364,59.3087579],[17.94981,59.3073047],[17.9474736,59.3063671],[17.9381433,59.3056066],[17.9371391,59.3037837],[17.9333408,59.302917],[17.927103,59.3031004],[17.9247874,59.3022643],[17.9235839,59.3018297],[17.9233917,59.3017873],[17.9198786,59.3010129],[17.9160308,59.3001646],[17.9116534,59.2997264],[17.9108782,59.2994655],[17.9078769,59.2984556],[17.904787,59.2959576],[17.8958606,59.2936786],[17.891569,59.2928897],[17.8892516,59.2912241],[17.886505,59.2880243],[17.8665065,59.2861831],[17.8677939,59.279563],[17.8634369,59.2745482],[17.8709471,59.273556],[17.8721487,59.2731887],[17.8752601,59.2690552],[17.8778994,59.2681396],[17.8815955,59.2702229],[17.885957,59.270299],[17.8877665,59.2702898],[17.8875949,59.2691714],[17.8878095,59.2690179],[17.892319,59.2689345],[17.8924745,59.2688249],[17.8924638,59.2679915],[17.8926194,59.2676406],[17.8937674,59.2673446],[17.8953338,59.2673199],[17.8969163,59.2674844],[17.8971791,59.2676379],[17.8978282,59.2673994],[17.8985383,59.2678337],[17.8995119,59.2680926],[17.9010397,59.2683426],[17.9027392,59.2683997],[17.9040781,59.2684172],[17.9053189,59.2684916],[17.9068075,59.2687418],[17.9081637,59.2692944],[17.9091813,59.2700486],[17.9100825,59.2709696],[17.9113271,59.272395],[17.911885,59.2734037],[17.9142668,59.2774545],[17.9152699,59.27897],[17.916137,59.2790812],[17.9192001,59.2794566],[17.9202964,59.280332],[17.9228284,59.2814719],[17.924545,59.2822173],[17.9267766,59.2828749],[17.9345319,59.2846446],[17.9349663,59.2847437],[17.9359836,59.2849759],[17.9361301,59.2850093],[17.937376,59.2853429],[17.9403808,59.2860095],[17.9479198,59.2877599],[17.9482874,59.28738],[17.9472043,59.2871054],[17.946889,59.286976],[17.9466402,59.2867981],[17.9466055,59.286482],[17.9467665,59.2863193],[17.9471771,59.2861196],[17.9475767,59.2860321],[17.9479768,59.2859876],[17.9484803,59.2860144],[17.9488984,59.2860558],[17.9499412,59.2861289],[17.9499509,59.2858122],[17.9498925,59.2855823],[17.9497363,59.2854177],[17.9496501,59.2853141],[17.9493785,59.2851262],[17.9508092,59.2843436],[17.9528747,59.283307],[17.9537661,59.2830103],[17.9559978,59.2823074],[17.95618,59.2821349],[17.9563564,59.2814451],[17.9566111,59.2805822],[17.9568468,59.2798348],[17.9567227,59.2791832],[17.956574,59.2787249],[17.9565159,59.2783764],[17.9564586,59.2780322],[17.9561005,59.2770427],[17.9557542,59.2759054],[17.9554796,59.2750963],[17.9553723,59.2746249],[17.955223,59.2743388],[17.9562896,59.2733802],[17.9569005,59.2725384],[17.958944,59.2719651],[17.9602095,59.2708786],[17.9615474,59.2693481],[17.9627559,59.2690623],[17.963408,59.268486],[17.9669594,59.2677815],[17.9683969,59.266992],[17.9707966,59.2665858],[17.9714746,59.2659028],[17.9723956,59.2654212],[17.9743697,59.2645439],[17.9753789,59.264326],[17.9758682,59.2640805],[17.9775201,59.2638962],[17.9791677,59.2634337],[17.9802993,59.2629959],[17.9801345,59.2627197],[17.9802418,59.2625742],[17.9806439,59.2625714],[17.9818714,59.2625013],[17.9826559,59.2624767],[17.9831839,59.2624667],[17.9833486,59.2624622],[17.9843878,59.2623832],[17.9854189,59.2623499],[17.9863768,59.2622818],[17.987742,59.2620832],[17.9880771,59.2620532],[17.9885578,59.2619508],[17.9893785,59.2617929],[17.9901399,59.2616215],[17.9911216,59.2613842],[17.9924645,59.2610949],[17.9937917,59.2608477],[17.9946422,59.2606368],[17.9955919,59.2604512],[17.9961593,59.2603043],[17.9981903,59.2599113],[17.9984696,59.2598601],[18.0018158,59.2592234],[18.004884,59.2586528],[18.0064347,59.2580534],[18.0099722,59.2567013],[18.0114892,59.2560954],[18.0143545,59.2560991],[18.0154142,59.2561105],[18.016675,59.2553072],[18.0181192,59.2554068],[18.0186999,59.2540586],[18.0196181,59.2536425],[18.020793,59.2530177],[18.0222852,59.252328],[18.0235619,59.2518472],[18.0251214,59.2513596],[18.025674,59.2512577],[18.0279332,59.2499599],[18.0283429,59.2497946],[18.049988,59.2449334],[18.0521752,59.2467736],[18.0549781,59.2452147],[18.0627068,59.2408727],[18.0631211,59.2406317],[18.0622359,59.2406205],[18.0620523,59.2396881],[18.0617042,59.2392817],[18.0612382,59.2388017],[18.0612185,59.2381649],[18.0629761,59.237772],[18.0634796,59.2380495],[18.0644866,59.2382529],[18.0651422,59.2385027],[18.0653445,59.2387171],[18.0652532,59.2393544],[18.0664828,59.2386678],[18.0700741,59.2362293],[18.0736834,59.2339085],[18.0813758,59.2317356],[18.087322,59.2316624],[18.0976067,59.2289642],[18.1080225,59.2272559],[18.1081198,59.2296093],[18.1171265,59.2317071],[18.1195172,59.2323101],[18.1198007,59.2329438],[18.1200839,59.2333426],[18.1199197,59.2335514],[18.1204325,59.2336061],[18.1223005,59.2339312],[18.122891,59.23406],[18.1234438,59.2341446],[18.1240496,59.2349673],[18.1230806,59.2366297],[18.1227783,59.2367455],[18.1223313,59.2373251],[18.1218696,59.2381731],[18.1225798,59.2393945],[18.1236562,59.2410932],[18.1243045,59.2409894],[18.1242184,59.2408866],[18.1246983,59.2407296],[18.1247965,59.240855],[18.125884,59.2406632],[18.125834,59.240583],[18.1268491,59.2403699],[18.1269123,59.2404279],[18.1273339,59.240307],[18.127626,59.2405756],[18.1280362,59.2404832],[18.128274,59.240578],[18.1277387,59.2407014],[18.1286312,59.241247],[18.1293403,59.2409381],[18.1294755,59.2409919],[18.1336815,59.2424058],[18.141117,59.2402445],[18.1467807,59.2386155],[18.1525089,59.2377192],[18.1577781,59.2368989],[18.1622054,59.2362184],[18.1757123,59.233938],[18.1771877,59.2324263],[18.1779886,59.2322667],[18.1823585,59.2313954],[18.1835899,59.2311497],[18.1839396,59.23108],[18.1873216,59.2304052],[18.1877185,59.230326],[18.1880904,59.2302433],[18.1908675,59.2296258],[18.1922741,59.229629],[18.1937166,59.2297854],[18.1937425,59.2302265],[18.1945493,59.2319201],[18.1961822,59.2421786],[18.1966002,59.2450743],[18.1980434,59.2460685],[18.2000673,59.2474935],[18.1993724,59.2475035],[18.1964584,59.2475283],[18.1943871,59.2473675],[18.1917591,59.2471781],[18.1882436,59.2469256],[18.1860324,59.2467242],[18.1835758,59.2461725],[18.1806015,59.2463157],[18.1786994,59.2474972],[18.1768179,59.2488318],[18.1763757,59.2491088],[18.1753868,59.2502861],[18.1748175,59.2509909],[18.1747544,59.2512021],[18.1707162,59.2521171],[18.1703785,59.254555],[18.170392,59.2554852],[18.1698403,59.2565135],[18.1695829,59.256964],[18.1695927,59.2570377],[18.170002,59.2601324],[18.1703409,59.2626986],[18.1628264,59.2638188],[18.1548607,59.2650062],[18.153186,59.2652239],[18.1503291,59.2656649],[18.1497274,59.2657541],[18.1497422,59.2680118],[18.1499089,59.2686212],[18.1497944,59.2691049],[18.1496761,59.2695321],[18.1500961,59.2699349],[18.1504289,59.2702091],[18.1502815,59.2706452],[18.1503344,59.2710882],[18.15027,59.2712386],[18.1505281,59.2716383],[18.1508337,59.2721664],[18.1510869,59.2724301],[18.1510943,59.2725544],[18.1513779,59.2730021],[18.1520193,59.2738143],[18.1500784,59.2750701],[18.1452856,59.2781507],[18.1429601,59.2796515],[18.1407383,59.2806182],[18.1334293,59.2838277],[18.1252722,59.2874805],[18.1246438,59.2877625],[18.124345,59.2878976],[18.1233051,59.2883678],[18.1222924,59.2895116],[18.1214202,59.2905789],[18.1197314,59.2931435],[18.1192795,59.2938373],[18.1205058,59.2941689],[18.1217828,59.2949738],[18.1221055,59.2952168],[18.1232395,59.2960711],[18.1248644,59.2972948],[18.1276907,59.2994231],[18.129196,59.3005566],[18.1300753,59.3012811],[18.1282173,59.3012532],[18.1276687,59.301175],[18.1267726,59.3010939],[18.1253525,59.3012413],[18.123336,59.3014869],[18.1203632,59.3012303],[18.1186914,59.3013488],[18.1163142,59.3011991],[18.1154765,59.3013361],[18.1136576,59.3015359],[18.1128373,59.3016312],[18.1122663,59.3017552],[18.1117098,59.3018237],[18.1109236,59.301839],[18.1105718,59.3019792],[18.1119506,59.3023801],[18.1120436,59.302901],[18.1130042,59.3033277],[18.1139914,59.3038747],[18.1141774,59.3040525],[18.114211,59.304125],[18.1142368,59.3042242],[18.1142259,59.3043119],[18.1141714,59.3044057],[18.1138601,59.3045934],[18.1136782,59.3047152],[18.1134671,59.3049056],[18.1133555,59.3052474],[18.1133609,59.3052985],[18.1132366,59.3060375],[18.1129202,59.3060626],[18.1127941,59.3074277],[18.1125584,59.3085913],[18.1126112,59.3089531],[18.1130848,59.3089357],[18.1129584,59.3090158],[18.1130064,59.309031],[18.1094686,59.3113644],[18.1090359,59.3113581],[18.1086552,59.3114686],[18.1076619,59.3120796],[18.1075414,59.3123558],[18.1077571,59.3126245],[18.1070223,59.3129444],[18.1061952,59.313352],[18.1059265,59.313486],[18.1053536,59.3137199],[18.1078053,59.3151651],[18.1080813,59.3150348],[18.1085598,59.3151099],[18.1093091,59.3176937],[18.1101655,59.3175472],[18.1123076,59.3175193],[18.1164182,59.3178677],[18.1203442,59.3185291],[18.1243445,59.3180279],[18.126797,59.3184507],[18.1294773,59.3196573],[18.1332793,59.3195623],[18.1386415,59.3202468],[18.1430347,59.3197087],[18.1459594,59.3192521],[18.149239,59.3186732],[18.1571525,59.3197937],[18.1603107,59.3208429],[18.1638873,59.3253682],[18.1603462,59.3282298],[18.1605081,59.3346051],[18.1538577,59.3375263],[18.1383309,59.3442495],[18.1338034,59.3455148],[18.126095,59.3477037],[18.1189186,59.3530638],[18.1125306,59.3578057],[18.1111755,59.3600711],[18.1100173,59.3608084],[18.106404,59.3630221],[18.102508,59.3654238],[18.0954694,59.3697578],[18.0812549,59.3714289],[18.0779951,59.3718816],[18.0711031,59.3747772],[18.0617461,59.3753445],[18.058733,59.3755103],[18.0554923,59.3754676],[18.048478,59.3758167],[18.0437514,59.3750346],[18.0429387,59.3743412],[18.0428998,59.3736345],[18.0434807,59.3725804],[18.0430314,59.3722395],[18.0363707,59.3714356],[18.0369268,59.3708552],[18.0371213,59.3697881],[18.0387922,59.3685186],[18.043548,59.3655082],[18.0490305,59.3571337],[18.0490092,59.3568441],[18.0488353,59.3565516],[18.0487143,59.3564219],[18.0464868,59.3551285],[18.0453298,59.3546819],[18.0449312,59.3543367],[18.0447711,59.3535756],[18.044935,59.3521152],[18.0445389,59.351517],[18.0445063,59.3514814],[18.0442048,59.3511524],[18.0432912,59.3501758],[18.0428365,59.3500556],[18.0418601,59.3510977],[18.0414183,59.3509423],[18.0406437,59.3508354],[18.0402791,59.3508227],[18.0396733,59.3507467],[18.0388476,59.3505798],[18.0384875,59.3504967],[18.0381747,59.3503957],[18.0373632,59.3501303],[18.0359567,59.3495533],[18.0356138,59.3494615],[18.0351826,59.3493442],[18.0336912,59.3489289],[18.0339888,59.3486668],[18.0325292,59.3482486],[18.0310843,59.3475656],[18.0308667,59.3474628],[18.0296595,59.3468394],[18.0288174,59.346281],[18.0283274,59.3459261],[18.0276967,59.3454261],[18.0270605,59.3450233],[18.0264649,59.3446948],[18.0261412,59.3445683],[18.0253156,59.3443996],[18.0259786,59.3438747],[18.0257198,59.3435203],[18.0256149,59.3432403],[18.0254656,59.3430086],[18.0254139,59.3427074],[18.0254568,59.34111],[18.0255138,59.3406305],[18.0247713,59.339345],[18.0234982,59.3395959],[18.0208476,59.3396207],[18.0183854,59.339688],[18.0168021,59.3399383],[18.016038,59.3400671],[18.0155306,59.3402269],[18.0152112,59.3403912],[18.0137004,59.3406609],[18.0114804,59.3408468],[18.010782,59.3409713],[18.0076778,59.341285],[18.0047573,59.341825],[18.0014922,59.341205],[17.9982215,59.3407838],[17.9929548,59.3425824],[17.9870946,59.3441303],[17.9813762,59.3450674],[17.9779495,59.3483308],[17.9739584,59.3498623],[17.9729946,59.3503061],[17.9699673,59.3517],[17.966062,59.3538876],[17.9654799,59.3550306],[17.9649114,59.3561643],[17.9637956,59.3573892],[17.9629211,59.3582406],[17.9622506,59.3589115],[17.9613408,59.3595633],[17.9603881,59.3606],[17.9601134,59.3610681],[17.9588861,59.362026],[17.9587745,59.3621616],[17.9565772,59.3631501],[17.9543885,59.3641298],[17.9528693,59.3647072],[17.9521913,59.3651489],[17.952152,59.3651614],[17.9503888,59.3657219],[17.951024,59.3662117],[17.9484233,59.366859],[17.9467839,59.3672657],[17.9461983,59.3674118],[17.9451188,59.3676812],[17.9447326,59.3684902],[17.9439858,59.3692817],[17.9428443,59.3699333],[17.9417113,59.3705149],[17.9406985,59.3708954],[17.9399776,59.3711228],[17.939042,59.3713545],[17.9381923,59.3716956],[17.9363555,59.372076],[17.9351367,59.3722903],[17.9341497,59.3723646],[17.9328879,59.3724914],[17.9317636,59.3727538],[17.9308108,59.3732042],[17.9302057,59.3733075],[17.9296188,59.3735553],[17.9287127,59.3740566],[17.9282163,59.374413],[17.9281158,59.3744941],[17.9277553,59.3744241],[17.9276523,59.3746296],[17.9280299,59.3747127],[17.9280385,59.3748089],[17.9283132,59.3749925],[17.9285106,59.3751893],[17.9286994,59.3752811],[17.9288539,59.3754822],[17.9288281,59.3755828],[17.9285707,59.3757795],[17.9282273,59.3758757],[17.9280213,59.3760156],[17.9278754,59.376208],[17.9278325,59.3764441],[17.9279183,59.376877],[17.9281501,59.3772879],[17.9285101,59.3776191],[17.9287252,59.377817],[17.9294547,59.3783897],[17.9304503,59.3788881],[17.9320039,59.3794258],[17.9332484,59.3798236],[17.933301,59.3798436],[17.9340295,59.3801209],[17.9345788,59.3804444],[17.9351024,59.3808335],[17.9354543,59.3812138],[17.9356161,59.3816752],[17.9357488,59.3819076],[17.9360116,59.3820237],[17.9362187,59.3821842],[17.9362873,59.3823989],[17.9362669,59.3825353],[17.9362374,59.3827614],[17.9363086,59.383102],[17.9364283,59.3834279],[17.9370035,59.3840476],[17.9383902,59.3850383],[17.9393543,59.3860382],[17.9397373,59.3864797],[17.9403274,59.3871654],[17.9408545,59.3875581],[17.9414918,59.3878666],[17.9435422,59.3885182],[17.9456642,59.3892066],[17.9463627,59.3894987],[17.9469735,59.3898895],[17.9475902,59.3904229],[17.9483479,59.3914988],[17.9485606,59.3918569],[17.9491697,59.3930256],[17.9498199,59.3940004],[17.9515904,59.395851],[17.9524855,59.3965276],[17.952782,59.3965771],[17.9529995,59.396664],[17.9531788,59.3968014],[17.9532326,59.3969311],[17.9531962,59.3970515],[17.9539393,59.3975652],[17.9547315,59.3979663],[17.9560658,59.398481],[17.9573879,59.3988245],[17.9601652,59.39952],[17.9613413,59.3994103],[17.9628257,59.3991849],[17.9637544,59.3994041],[17.9645378,59.3993331],[17.9652382,59.3993975],[17.9657563,59.3995484],[17.9662211,59.3997717],[17.9665657,59.4000425],[17.9670597,59.4004577],[17.9674671,59.4007681],[17.9678796,59.4010814],[17.9686622,59.4014481],[17.9697089,59.4014928],[17.9709569,59.4014278],[17.9726672,59.4004525],[17.9735252,59.4007173],[17.9759995,59.3996192],[17.974662,59.4006635],[17.9735269,59.401429],[17.9721486,59.4022706],[17.9705307,59.4030627],[17.9694657,59.4035364],[17.9681283,59.4040885],[17.9614781,59.4068521],[17.9531096,59.4101718],[17.9491271,59.4115913],[17.9451961,59.4127531],[17.9408788,59.4142642],[17.9359178,59.4162993],[17.931755,59.4180111],[17.9298495,59.4187971],[17.9287166,59.4180766],[17.9266051,59.4191683],[17.9243564,59.4202469],[17.9247254,59.4203342],[17.9230517,59.4212424],[17.9202365,59.4234998],[17.9201678,59.4245913],[17.9151256,59.426931],[17.9184468,59.4321529],[17.9198023,59.43393],[17.9175731,59.4345416],[17.916231,59.4353703],[17.9136746,59.4357098],[17.913259,59.435765],[17.9125283,59.4357892],[17.9124054,59.4360421],[17.9120924,59.4366867],[17.9105686,59.437282],[17.9080266,59.4378171],[17.9079551,59.4378322],[17.9073382,59.437962],[17.9071224,59.4378312],[17.906391,59.4373875],[17.9043963,59.4376179],[17.9043437,59.437828],[17.9041192,59.438726],[17.9033833,59.4396222],[17.9032723,59.4397575],[17.9028214,59.4400811],[17.9023803,59.4401343],[17.901142,59.4402838],[17.899572,59.4401349],[17.8988571,59.4400671],[17.8987461,59.4400566],[17.8986205,59.4399797],[17.8984811,59.4398943],[17.8983547,59.4398169],[17.8980264,59.4396158],[17.8967427,59.4388297],[17.8950892,59.437817],[17.8936501,59.4369355],[17.8926589,59.4360186],[17.8916677,59.4351018],[17.8913673,59.4342217],[17.8911292,59.4335242],[17.8909381,59.4329644],[17.8902264,59.4324249],[17.8891825,59.4316337],[17.8886694,59.4306276],[17.8884495,59.4301965],[17.8905867,59.4291265],[17.8904817,59.4288346],[17.8904042,59.4286191],[17.8905116,59.4285566],[17.891155,59.4281828],[17.8921362,59.4276127],[17.8931174,59.4270426],[17.8938387,59.4266235],[17.8911856,59.4254167],[17.8913354,59.4252451],[17.8919211,59.4245746],[17.8919116,59.4236722],[17.8932808,59.4239011],[17.8937445,59.4234529],[17.8945373,59.4226864],[17.8948556,59.421659],[17.8950943,59.4208882],[17.8952441,59.4203489],[17.8955487,59.4198645],[17.8955562,59.4198519],[17.896854,59.4178657],[17.8983144,59.416436],[17.8986718,59.4162573],[17.8990415,59.4157588],[17.8983205,59.4153794],[17.8973531,59.4147304],[17.8970758,59.41442],[17.896971,59.4136832],[17.896854,59.413147],[17.8965952,59.4125857],[17.8962676,59.4119948],[17.8962501,59.4119617],[17.896161,59.4118359],[17.893114,59.409783],[17.8909682,59.4077607],[17.8899983,59.4072146],[17.8877324,59.4060964],[17.8846768,59.4050829],[17.8834409,59.4047334],[17.8787803,59.40365],[17.876377,59.4031956],[17.8749608,59.4036281],[17.8713731,59.4020991],[17.8716306,59.4015093],[17.8721284,59.4011073],[17.8729009,59.400701],[17.873433,59.4003952],[17.8750638,59.3996655],[17.8774413,59.3982543],[17.8725146,59.3957025],[17.869974,59.3965414],[17.867588,59.3933296],[17.8673907,59.3932074],[17.8648585,59.3916384],[17.8632449,59.3910134],[17.8616141,59.3897679],[17.8551511,59.3891079],[17.853643,59.3884677],[17.8516816,59.3876351],[17.8501472,59.3869838],[17.8465938,59.385607],[17.8451589,59.3847364],[17.8438043,59.3839678],[17.8426091,59.3831153],[17.8399355,59.381319],[17.8308461,59.3810918],[17.8303797,59.3811248],[17.8281878,59.3813542],[17.8253442,59.3816389],[17.824664,59.3817034],[17.8252234,59.3833489],[17.8262901,59.3876976],[17.8271102,59.391232],[17.8239688,59.3938628],[17.8199605,59.3964628],[17.8197888,59.3972755],[17.8196304,59.3973674],[17.8189305,59.3977736],[17.8185271,59.3981669],[17.8180551,59.3983548],[17.8171968,59.3989665],[17.8165359,59.3985295],[17.8160209,59.3979615],[17.8152827,59.3979047],[17.8147334,59.3978086],[17.814021,59.3974241],[17.8122872,59.3964147],[17.8110427,59.3956893],[17.8094739,59.3949734],[17.8085498,59.3945922],[17.8081769,59.394438],[17.8076517,59.39422],[17.8068416,59.3938857],[17.8058681,59.3934811],[17.8050196,59.3931291],[17.8041886,59.3927885],[17.8034664,59.3924915],[17.8025798,59.3921213],[17.8018459,59.3918162],[17.8014185,59.3916391],[17.8012271,59.3915586],[17.8012271,59.3915632],[17.7998436,59.3909847],[17.7986875,59.3905063],[17.779472,59.3984294],[17.7786459,59.3981379],[17.7786021,59.3981223],[17.778528,59.3980951],[17.7782922,59.3980118],[17.778053,59.3979277],[17.777711,59.3978054],[17.7773978,59.397695],[17.7770795,59.397582],[17.7766276,59.3974221],[17.7763179,59.3973121],[17.7760289,59.397209],[17.775631,59.3970693],[17.7752928,59.3969488],[17.7749231,59.3968173],[17.7745399,59.3966816],[17.7742415,59.396575],[17.7738834,59.3964477],[17.7735659,59.3963349],[17.7735122,59.396316],[17.7733857,59.3962719],[17.7732073,59.3962081],[17.7730298,59.3961452],[17.7711716,59.3954862],[17.7711265,59.3954703],[17.7704281,59.395223],[17.7684242,59.3945134],[17.7684123,59.3945094],[17.7681079,59.3944123],[17.7674142,59.394165],[17.7633117,59.3927028],[17.7617994,59.3921637],[17.7606917,59.3917673]]]]},"commuteLocation":{"shortName":"Stockholms kommun","searchString":"Stockholms kommun","latitude":"59.3336173","longitude":"18.02769735","placeId":56,"country":"Sweden","countryCode":"SE","formattedAddress":"Stockholms kommun"},"areaId":56,"helper":{},"maxRentSek":"24000","maxRentEur":2400,"maxRentCurrency":"SEK","token":"06e64aa419c6d37a1ea6fd4859fc2546","page":1,"perPage":50}' \
  --compressed


// NACKA
curl 'https://api.qasa.se/v1/homes/search' \
  -H 'Connection: keep-alive' \
  -H 'Accept: application/json' \
  -H 'X-Brand: blocket' \
  -H 'User-Agent: Mozilla/5.0 (Macintosh; Intel Mac OS X 10_15_7) AppleWebKit/537.36 (KHTML, like Gecko) Chrome/86.0.4240.193 Safari/537.36' \
  -H 'Content-Type: application/json' \
  -H 'Origin: https://bostad.blocket.se' \
  -H 'Sec-Fetch-Site: cross-site' \
  -H 'Sec-Fetch-Mode: cors' \
  -H 'Sec-Fetch-Dest: empty' \
  -H 'Referer: https://bostad.blocket.se/' \
  -H 'Accept-Language: en-US,en;q=0.9,ko;q=0.8,hr;q=0.7,sv;q=0.6' \
  --data-binary '{"minRoomCount":"3","maxRoomCount":null,"maxRent":"24000","currency":null,"minRentalLength":"2592000","maxRentalLength":"62208000","minSquareMeters":"50","moveInEarliest":"2020-12-01","moveOutEarliest":null,"moveOutLatest":null,"sharedHomeOk":false,"hasPets":false,"requiresWheelchairAccessible":false,"furnished":"furnished_both","safeRental":false,"homeType":["apartment","terrace_house","loft","duplex"],"matchingArea":{"type":"MultiPolygon","coordinates":[[[[18.1053536,59.3137199],[18.1059265,59.313486],[18.1061952,59.313352],[18.1070223,59.3129444],[18.1077571,59.3126245],[18.1075414,59.3123558],[18.1076619,59.3120796],[18.1086552,59.3114686],[18.1090359,59.3113581],[18.1094686,59.3113644],[18.1130064,59.309031],[18.1129584,59.3090158],[18.1130848,59.3089357],[18.1126112,59.3089531],[18.1125584,59.3085913],[18.1127941,59.3074277],[18.1129202,59.3060626],[18.1132366,59.3060375],[18.1133609,59.3052985],[18.1133555,59.3052474],[18.1134671,59.3049056],[18.1136782,59.3047152],[18.1138601,59.3045934],[18.1141714,59.3044057],[18.1142259,59.3043119],[18.1142368,59.3042242],[18.114211,59.304125],[18.1141774,59.3040525],[18.1139914,59.3038747],[18.1130042,59.3033277],[18.1120436,59.302901],[18.1119506,59.3023801],[18.1105718,59.3019792],[18.1109236,59.301839],[18.1117098,59.3018237],[18.1122663,59.3017552],[18.1128373,59.3016312],[18.1136576,59.3015359],[18.1154765,59.3013361],[18.1163142,59.3011991],[18.1186914,59.3013488],[18.1203632,59.3012303],[18.123336,59.3014869],[18.1253525,59.3012413],[18.1267726,59.3010939],[18.1276687,59.301175],[18.1282173,59.3012532],[18.1300753,59.3012811],[18.129196,59.3005566],[18.1276907,59.2994231],[18.1248644,59.2972948],[18.1232395,59.2960711],[18.1221055,59.2952168],[18.1217828,59.2949738],[18.1205058,59.2941689],[18.1192795,59.2938373],[18.1197314,59.2931435],[18.1214202,59.2905789],[18.1222924,59.2895116],[18.1233051,59.2883678],[18.124345,59.2878976],[18.1246438,59.2877625],[18.1252722,59.2874805],[18.1334293,59.2838277],[18.1407383,59.2806182],[18.1429601,59.2796515],[18.1452856,59.2781507],[18.1500784,59.2750701],[18.1520193,59.2738143],[18.1513779,59.2730021],[18.1510943,59.2725544],[18.1510869,59.2724301],[18.1508337,59.2721664],[18.1505281,59.2716383],[18.15027,59.2712386],[18.1503344,59.2710882],[18.1502815,59.2706452],[18.1504289,59.2702091],[18.1500961,59.2699349],[18.1496761,59.2695321],[18.1497944,59.2691049],[18.1499089,59.2686212],[18.1497422,59.2680118],[18.1497274,59.2657541],[18.1503291,59.2656649],[18.153186,59.2652239],[18.1548607,59.2650062],[18.1628264,59.2638188],[18.1703409,59.2626986],[18.170002,59.2601324],[18.1695927,59.2570377],[18.1695829,59.256964],[18.1698403,59.2565135],[18.170392,59.2554852],[18.1703785,59.254555],[18.1707162,59.2521171],[18.1747544,59.2512021],[18.1748175,59.2509909],[18.1753868,59.2502861],[18.1763757,59.2491088],[18.1768179,59.2488318],[18.1786994,59.2474972],[18.1806015,59.2463157],[18.1835758,59.2461725],[18.1860324,59.2467242],[18.1882436,59.2469256],[18.1917591,59.2471781],[18.1943871,59.2473675],[18.1964584,59.2475283],[18.1993724,59.2475035],[18.2000673,59.2474935],[18.2056707,59.2514192],[18.2149431,59.2484964],[18.2151684,59.2486994],[18.2157129,59.2485704],[18.2227886,59.2500612],[18.2230005,59.251918],[18.223215,59.2523362],[18.2234752,59.2525255],[18.2296979,59.2522773],[18.2297784,59.252919],[18.2365644,59.2528724],[18.236618,59.2524885],[18.2373091,59.2525769],[18.2454104,59.2539863],[18.2459018,59.25407],[18.2478409,59.2544004],[18.2488865,59.2545786],[18.2551521,59.2538107],[18.2587023,59.2534028],[18.2590734,59.2533601],[18.2607493,59.2531675],[18.2645077,59.2527357],[18.2655601,59.2553585],[18.2657098,59.2557316],[18.2659072,59.2562237],[18.2660404,59.2565556],[18.2662243,59.2570138],[18.2695367,59.2584967],[18.2796997,59.2630462],[18.2974667,59.2545567],[18.3088392,59.2516606],[18.3316273,59.2498833],[18.3594652,59.2403891],[18.3849569,59.2314768],[18.3889051,59.2633614],[18.3746572,59.2660153],[18.3587786,59.2707523],[18.3476635,59.2731205],[18.3344168,59.2776072],[18.3236879,59.2796023],[18.3204264,59.2856306],[18.3235592,59.2900361],[18.3215851,59.2984072],[18.3217997,59.3067543],[18.3255333,59.3124932],[18.3192677,59.3196325],[18.3264345,59.3237928],[18.326692,59.3242088],[18.3306713,59.3267189],[18.3307181,59.3267484],[18.3330435,59.3282152],[18.3275932,59.3318053],[18.3397485,59.329298],[18.3412832,59.3289814],[18.3443768,59.3296464],[18.3467027,59.3301464],[18.3486317,59.3305638],[18.3487954,59.3315152],[18.3488103,59.3316036],[18.3490071,59.331669],[18.3494927,59.3318373],[18.34996,59.3319827],[18.3625183,59.3355805],[18.3685321,59.3366384],[18.3739712,59.3383016],[18.3719621,59.3391269],[18.3684877,59.3406008],[18.3639577,59.3426116],[18.3600152,59.3443209],[18.3572818,59.3451241],[18.3514971,59.346687],[18.3487505,59.3543004],[18.3496078,59.3545715],[18.350778,59.3549276],[18.3483685,59.3565663],[18.3468325,59.3584415],[18.3451037,59.3593925],[18.3386225,59.3616278],[18.3367279,59.3666099],[18.3253407,59.3686434],[18.3130859,59.3689528],[18.2994091,59.3693001],[18.2982473,59.3683854],[18.2961061,59.366679],[18.2867137,59.3648001],[18.2768578,59.3629255],[18.2719472,59.3619174],[18.259315,59.3593795],[18.2526345,59.3563726],[18.2406617,59.3508887],[18.2330789,59.3473945],[18.2277525,59.3450994],[18.2252359,59.344015],[18.2187155,59.3412853],[18.216317,59.3402811],[18.2121925,59.3384773],[18.207936,59.3367593],[18.1967614,59.3348478],[18.1932563,59.3345734],[18.1889704,59.3342017],[18.1869164,59.3304063],[18.1871837,59.329188],[18.1827508,59.3264729],[18.1775927,59.3248665],[18.1754842,59.3244932],[18.1745771,59.3244213],[18.1730908,59.3243048],[18.1638873,59.3253682],[18.1603107,59.3208429],[18.1571525,59.3197937],[18.149239,59.3186732],[18.1459594,59.3192521],[18.1430347,59.3197087],[18.1386415,59.3202468],[18.1332793,59.3195623],[18.1294773,59.3196573],[18.126797,59.3184507],[18.1243445,59.3180279],[18.1203442,59.3185291],[18.1164182,59.3178677],[18.1123076,59.3175193],[18.1101655,59.3175472],[18.1093091,59.3176937],[18.1085598,59.3151099],[18.1080813,59.3150348],[18.1078053,59.3151651],[18.1053536,59.3137199]]]]},"commuteLocation":{"shortName":"Nacka kommun","searchString":"Nacka kommun","latitude":"59.29998985","longitude":"18.22503457","placeId":56,"country":"Sweden","countryCode":"SE","formattedAddress":"Nacka kommun"},"areaId":56,"helper":{},"maxRentSek":"24000","maxRentEur":2400,"maxRentCurrency":"SEK","token":"06e64aa419c6d37a1ea6fd4859fc2546","page":1,"perPage":50}' \
  --compressed


// SOLNA
curl 'https://api.qasa.se/v1/homes/search' \
  -H 'Connection: keep-alive' \
  -H 'Accept: application/json' \
  -H 'X-Brand: blocket' \
  -H 'User-Agent: Mozilla/5.0 (Macintosh; Intel Mac OS X 10_15_7) AppleWebKit/537.36 (KHTML, like Gecko) Chrome/86.0.4240.193 Safari/537.36' \
  -H 'Content-Type: application/json' \
  -H 'Origin: https://bostad.blocket.se' \
  -H 'Sec-Fetch-Site: cross-site' \
  -H 'Sec-Fetch-Mode: cors' \
  -H 'Sec-Fetch-Dest: empty' \
  -H 'Referer: https://bostad.blocket.se/' \
  -H 'Accept-Language: en-US,en;q=0.9,ko;q=0.8,hr;q=0.7,sv;q=0.6' \
  --data-binary '{"minRoomCount":"3","maxRoomCount":null,"maxRent":"24000","currency":null,"minRentalLength":"2592000","maxRentalLength":"62208000","minSquareMeters":"50","moveInEarliest":"2020-12-01","moveOutEarliest":null,"moveOutLatest":null,"sharedHomeOk":false,"hasPets":false,"requiresWheelchairAccessible":false,"furnished":"furnished_both","safeRental":false,"homeType":["apartment","terrace_house","loft","duplex"],"matchingArea":{"type":"MultiPolygon","coordinates":[[[[17.9620869,59.3900197],[17.9626941,59.3900022],[17.9633782,59.3899806],[17.9636497,59.3898855],[17.9642682,59.3896318],[17.9645958,59.3891779],[17.9657313,59.3889898],[17.9671891,59.3885979],[17.968409,59.38827],[17.970188,59.3877459],[17.9731694,59.3868676],[17.9760913,59.3860238],[17.9767546,59.3858403],[17.9768957,59.3857973],[17.9769374,59.3857846],[17.9802364,59.384879],[17.9799167,59.3837543],[17.979818,59.3834068],[17.979775,59.3832554],[17.9796594,59.3828488],[17.9790359,59.3803143],[17.980445,59.3797741],[17.9817417,59.3792926],[17.9823576,59.3791646],[17.9833344,59.3790042],[17.9849518,59.3789032],[17.9848421,59.3777116],[17.9847076,59.3768679],[17.9838936,59.3760241],[17.9826195,59.3748883],[17.9819995,59.3739734],[17.9816914,59.3731478],[17.9812786,59.3720867],[17.9812539,59.3717446],[17.9813859,59.3713935],[17.9818085,59.3708875],[17.9826182,59.3704514],[17.9816527,59.3691176],[17.9813737,59.3690957],[17.9801077,59.3677728],[17.9798502,59.3674448],[17.980215,59.3672699],[17.9777903,59.3637273],[17.9778332,59.3635742],[17.9805798,59.3616169],[17.9773611,59.3614856],[17.9767388,59.3614419],[17.9747839,59.3607096],[17.9742283,59.3605015],[17.9733485,59.3600531],[17.9761689,59.3586621],[17.9751993,59.35806],[17.9754353,59.3573816],[17.9756123,59.3572011],[17.9761273,59.3569687],[17.975623,59.3566957],[17.9691643,59.3562691],[17.9654799,59.3550306],[17.966062,59.3538876],[17.9699673,59.3517],[17.9729946,59.3503061],[17.9739584,59.3498623],[17.9779495,59.3483308],[17.9813762,59.3450674],[17.9870946,59.3441303],[17.9929548,59.3425824],[17.9982215,59.3407838],[18.0014922,59.341205],[18.0047573,59.341825],[18.0076778,59.341285],[18.0107926,59.3409722],[18.0113548,59.3408955],[18.0137323,59.3406898],[18.0149511,59.3404535],[18.0158438,59.3401033],[18.0161159,59.3400481],[18.0167278,59.3399239],[18.0183854,59.339688],[18.0208476,59.3396207],[18.0234982,59.3395959],[18.0247713,59.339345],[18.0255138,59.3406305],[18.0254568,59.34111],[18.0254139,59.3427074],[18.0254656,59.3430086],[18.0256149,59.3432403],[18.0257198,59.3435203],[18.0259786,59.3438747],[18.0253156,59.3443996],[18.0261412,59.3445683],[18.0264649,59.3446948],[18.0270605,59.3450233],[18.0276967,59.3454261],[18.0283274,59.3459261],[18.0288174,59.346281],[18.0296595,59.3468394],[18.0308667,59.3474628],[18.0325292,59.3482486],[18.0339888,59.3486668],[18.0336912,59.3489289],[18.0351826,59.3493442],[18.0356138,59.3494615],[18.0359567,59.3495533],[18.0373632,59.3501303],[18.0381747,59.3503957],[18.0384875,59.3504967],[18.0388476,59.3505798],[18.0396733,59.3507467],[18.0402791,59.3508227],[18.0406437,59.3508354],[18.0414183,59.3509423],[18.0418601,59.3510977],[18.0428365,59.3500556],[18.0432912,59.3501758],[18.0442048,59.3511524],[18.0445389,59.351517],[18.044935,59.3521152],[18.0447711,59.3535756],[18.0449312,59.3543367],[18.0453298,59.3546819],[18.0464868,59.3551285],[18.0487143,59.3564219],[18.0488353,59.3565516],[18.0490092,59.3568441],[18.0490305,59.3571337],[18.043548,59.3655082],[18.0387922,59.3685186],[18.0371213,59.3697881],[18.0369268,59.3708552],[18.0363707,59.3714356],[18.0430314,59.3722395],[18.0434807,59.3725804],[18.0428998,59.3736345],[18.0429387,59.3743412],[18.0437514,59.3750346],[18.048478,59.3758167],[18.0554923,59.3754676],[18.058733,59.3755103],[18.0559391,59.3782125],[18.0536646,59.3790213],[18.0501241,59.3798082],[18.0469269,59.3812945],[18.0399317,59.3836551],[18.0344814,59.385644],[18.0309409,59.3869662],[18.0265206,59.3903861],[18.0205983,59.3906702],[18.0171651,59.3932814],[18.0158991,59.3961546],[18.0136031,59.3982738],[18.0063719,59.3996719],[18.0058569,59.3999668],[18.0046587,59.3994851],[18.0026585,59.3992823],[17.9990119,59.3991039],[17.9966301,59.3991039],[17.9959864,59.3990275],[17.9931754,59.398241],[17.990622,59.3982628],[17.9875321,59.3981645],[17.9851717,59.3982301],[17.9849786,59.3979679],[17.9854292,59.3976948],[17.9859227,59.3973453],[17.9864377,59.3972142],[17.9869742,59.3970503],[17.9871887,59.39681],[17.9871244,59.3964495],[17.9835121,59.3954472],[17.9831665,59.3953817],[17.9825892,59.3952724],[17.9824753,59.3952509],[17.9821943,59.3951976],[17.9817539,59.3951143],[17.9816146,59.3948081],[17.9810446,59.3935549],[17.9759963,59.3945444],[17.9760663,59.3947149],[17.9754903,59.3948043],[17.9729849,59.3951932],[17.9728875,59.3948027],[17.9725841,59.3935862],[17.9698934,59.393234],[17.9673575,59.3933627],[17.9677834,59.3920614],[17.9664986,59.3920605],[17.9638769,59.3918208],[17.9632434,59.3917979],[17.9629022,59.3911064],[17.9620869,59.3900197]]]]},"commuteLocation":{"shortName":"Solna kommun, Solna kommun","searchString":"Solna kommun, Solna kommun","latitude":"59.366667","longitude":"18.016667","placeId":56,"country":"Sweden","countryCode":"SE","formattedAddress":"Solna kommun, Solna kommun"},"areaId":56,"helper":{},"maxRentSek":"24000","maxRentEur":2400,"maxRentCurrency":"SEK","token":"06e64aa419c6d37a1ea6fd4859fc2546","page":1,"perPage":50}' \
  --compressed


// SOLLENTUNA
curl 'https://api.qasa.se/v1/homes/search' \
  -H 'Connection: keep-alive' \
  -H 'Accept: application/json' \
  -H 'X-Brand: blocket' \
  -H 'User-Agent: Mozilla/5.0 (Macintosh; Intel Mac OS X 10_15_7) AppleWebKit/537.36 (KHTML, like Gecko) Chrome/86.0.4240.193 Safari/537.36' \
  -H 'Content-Type: application/json' \
  -H 'Origin: https://bostad.blocket.se' \
  -H 'Sec-Fetch-Site: cross-site' \
  -H 'Sec-Fetch-Mode: cors' \
  -H 'Sec-Fetch-Dest: empty' \
  -H 'Referer: https://bostad.blocket.se/' \
  -H 'Accept-Language: en-US,en;q=0.9,ko;q=0.8,hr;q=0.7,sv;q=0.6' \
  --data-binary '{"minRoomCount":"3","maxRoomCount":null,"maxRent":"24000","currency":null,"minRentalLength":"2592000","maxRentalLength":"62208000","minSquareMeters":"50","moveInEarliest":"2020-12-01","moveOutEarliest":null,"moveOutLatest":null,"sharedHomeOk":false,"hasPets":false,"requiresWheelchairAccessible":false,"furnished":"furnished_both","safeRental":false,"homeType":["apartment","terrace_house","loft","duplex"],"matchingArea":{"type":"MultiPolygon","coordinates":[[[[17.8242971,59.4683168],[17.8250909,59.4682979],[17.8252144,59.4682951],[17.8258045,59.4682816],[17.8263171,59.4682699],[17.8265679,59.4682641],[17.8270899,59.4682522],[17.8276089,59.4682403],[17.8277815,59.4682363],[17.8285606,59.4682185],[17.8291713,59.4682045],[17.8297355,59.4681916],[17.8302281,59.4681803],[17.8307377,59.4681686],[17.8312305,59.4681573],[17.8317359,59.4681457],[17.8322414,59.4681341],[17.8328341,59.4681205],[17.8337381,59.4680998],[17.8333514,59.4677945],[17.8334339,59.4676004],[17.8335355,59.4674939],[17.8337684,59.46725],[17.8340558,59.4670693],[17.834395,59.4668559],[17.8344732,59.4668067],[17.8344146,59.4664772],[17.8343762,59.4662616],[17.8342454,59.4655258],[17.8342207,59.4653867],[17.8341442,59.4649566],[17.8340924,59.4646653],[17.835275,59.4649173],[17.8369088,59.4652655],[17.844963,59.4619767],[17.8457444,59.4616576],[17.8460716,59.4600042],[17.8468032,59.4563072],[17.8444896,59.4544927],[17.8441601,59.4542692],[17.8445046,59.4542454],[17.8499876,59.4538667],[17.8503772,59.4538398],[17.8673206,59.4538971],[17.8734925,59.4507441],[17.8743163,59.4490744],[17.8759666,59.4479926],[17.8741644,59.4452536],[17.874343,59.4447847],[17.8743392,59.4438179],[17.8744153,59.4431731],[17.8744307,59.4429139],[17.8753421,59.4407211],[17.8747864,59.4367814],[17.8778217,59.4351177],[17.878153,59.4340868],[17.879264,59.4335125],[17.8796634,59.4325902],[17.8788198,59.4323058],[17.8779365,59.4312848],[17.8778714,59.4309127],[17.8786773,59.4295812],[17.8786296,59.4289288],[17.8780369,59.4282944],[17.878741,59.4281339],[17.8822781,59.4276481],[17.8864888,59.4267417],[17.8876744,59.4266049],[17.8888206,59.426382],[17.8901252,59.4262041],[17.8906556,59.4259011],[17.8911856,59.4254167],[17.8938387,59.4266235],[17.8931174,59.4270426],[17.8921362,59.4276127],[17.891155,59.4281828],[17.8905116,59.4285566],[17.8904042,59.4286191],[17.8904817,59.4288346],[17.8905867,59.4291265],[17.8884495,59.4301965],[17.8886694,59.4306276],[17.8891825,59.4316337],[17.8902264,59.4324249],[17.8909381,59.4329644],[17.8911292,59.4335242],[17.8913673,59.4342217],[17.8916677,59.4351018],[17.8926589,59.4360186],[17.8936501,59.4369355],[17.8950892,59.437817],[17.8967427,59.4388297],[17.8980264,59.4396158],[17.8983547,59.4398169],[17.8984811,59.4398943],[17.8986205,59.4399797],[17.8987461,59.4400566],[17.8988571,59.4400671],[17.899572,59.4401349],[17.901142,59.4402838],[17.9023803,59.4401343],[17.9028214,59.4400811],[17.9032723,59.4397575],[17.9033833,59.4396222],[17.9041192,59.438726],[17.9043437,59.437828],[17.9043963,59.4376179],[17.906391,59.4373875],[17.9071224,59.4378312],[17.9073382,59.437962],[17.9079551,59.4378322],[17.9080266,59.4378171],[17.9105686,59.437282],[17.9120924,59.4366867],[17.9124054,59.4360421],[17.9125283,59.4357892],[17.913259,59.435765],[17.9136746,59.4357098],[17.916231,59.4353703],[17.9175731,59.4345416],[17.9198023,59.43393],[17.9184468,59.4321529],[17.9151256,59.426931],[17.9201678,59.4245913],[17.9202365,59.4234998],[17.9230517,59.4212424],[17.9247254,59.4203342],[17.9243564,59.4202469],[17.9266051,59.4191683],[17.9287166,59.4180766],[17.9298495,59.4187971],[17.931755,59.4180111],[17.9359178,59.4162993],[17.9408788,59.4142642],[17.9451961,59.4127531],[17.9491271,59.4115913],[17.9531096,59.4101718],[17.9614781,59.4068521],[17.9681283,59.4040885],[17.9694657,59.4035364],[17.9705307,59.4030627],[17.9721486,59.4022706],[17.9735269,59.401429],[17.974662,59.4006635],[17.9759995,59.3996192],[17.9735252,59.4007173],[17.9726672,59.4004525],[17.9757568,59.3983951],[17.9785405,59.396878],[17.9817539,59.3951143],[17.9821943,59.3951976],[17.9824753,59.3952509],[17.9825892,59.3952724],[17.9831665,59.3953817],[17.9835121,59.3954472],[17.9871244,59.3964495],[17.9871887,59.39681],[17.9869742,59.3970503],[17.9864377,59.3972142],[17.9859227,59.3973453],[17.9854292,59.3976948],[17.9849786,59.3979679],[17.9851717,59.3982301],[17.9875321,59.3981645],[17.990622,59.3982628],[17.9931754,59.398241],[17.9959864,59.3990275],[17.9966301,59.3991039],[17.9990119,59.3991039],[18.0026585,59.3992823],[18.0046587,59.3994851],[18.0058569,59.3999668],[18.0000848,59.4036476],[17.997939,59.4080488],[17.9973168,59.4109207],[17.9952139,59.4126022],[17.9913086,59.4178756],[17.9971665,59.4212051],[17.9981536,59.4221985],[17.9984345,59.4223975],[17.9987544,59.4226242],[17.9985184,59.4227006],[17.9990763,59.42329],[17.9996771,59.4237376],[18.0000848,59.4245562],[18.0003208,59.4246981],[18.0010718,59.4252547],[18.001737,59.4261388],[18.0075735,59.4265972],[18.0106849,59.4273394],[18.0078096,59.4292711],[18.0039686,59.4331779],[18.0018014,59.4353493],[17.9989586,59.4382398],[17.9983235,59.4388761],[17.9998832,59.4393558],[18.0048699,59.4408701],[18.0069024,59.4413324],[18.0065495,59.4442764],[18.0053845,59.4460369],[18.0024891,59.4502576],[17.9979779,59.4556264],[17.9980059,59.4559587],[17.9980302,59.456576],[17.996059,59.4573212],[17.9919962,59.4589271],[17.991219,59.4614093],[17.9895369,59.4640199],[17.9860599,59.4636802],[17.9841961,59.463617],[17.9838855,59.4648322],[17.9795281,59.4654768],[17.9810835,59.4686532],[17.9658791,59.4743604],[17.9634542,59.4752705],[17.9587426,59.4770388],[17.9547273,59.4823858],[17.9546743,59.4824415],[17.9531377,59.4837889],[17.9507233,59.4859059],[17.9497458,59.4861147],[17.9486863,59.4864025],[17.9471843,59.4868165],[17.9437939,59.48832],[17.937657,59.490368],[17.9318206,59.4930478],[17.9305072,59.4939719],[17.9284515,59.4954182],[17.9280941,59.495569],[17.9279296,59.4957084],[17.9277347,59.4956716],[17.9275228,59.4956071],[17.9269417,59.496036],[17.9267935,59.4960789],[17.9265553,59.495999],[17.9215389,59.497408],[17.9213152,59.4974546],[17.9213448,59.4973372],[17.9214131,59.4972866],[17.9213674,59.497204],[17.9212622,59.4971884],[17.9211652,59.4971424],[17.921075,59.4968921],[17.9203622,59.4961848],[17.9160706,59.4914138],[17.9116933,59.4864025],[17.9105346,59.484681],[17.9088179,59.4835261],[17.9081742,59.4831121],[17.9014046,59.4857358],[17.8982058,59.4869993],[17.8958146,59.4879597],[17.8934221,59.4889115],[17.8916885,59.4896012],[17.887221,59.4913634],[17.8802792,59.4903245],[17.8810517,59.4890172],[17.8811375,59.4875791],[17.8790347,59.4874702],[17.8780905,59.4875138],[17.8780476,59.4883635],[17.8745286,59.4902809],[17.8741423,59.4906077],[17.8674046,59.4922417],[17.8659884,59.4904116],[17.8661601,59.4892787],[17.8658597,59.4884507],[17.867233,59.4834389],[17.8655593,59.4814994],[17.8640572,59.4805405],[17.8610961,59.4800392],[17.832666,59.4756608],[17.8326076,59.4756228],[17.8288985,59.4732024],[17.8249109,59.4705997],[17.8242971,59.4683168]]]]},"commuteLocation":{"shortName":"Sollentuna, Sollentuna kommun","searchString":"Sollentuna, Sollentuna kommun","latitude":"59.4293164","longitude":"17.9500556","placeId":56,"country":"Sweden","countryCode":"SE","formattedAddress":"Sollentuna, Sollentuna kommun"},"areaId":56,"helper":{},"maxRentSek":"24000","maxRentEur":2400,"maxRentCurrency":"SEK","token":"06e64aa419c6d37a1ea6fd4859fc2546","page":1,"perPage":50}' \
  --compressed


// Järfälla
curl 'https://api.qasa.se/v1/homes/search' \
  -H 'Connection: keep-alive' \
  -H 'Accept: application/json' \
  -H 'X-Brand: blocket' \
  -H 'User-Agent: Mozilla/5.0 (Macintosh; Intel Mac OS X 10_15_7) AppleWebKit/537.36 (KHTML, like Gecko) Chrome/86.0.4240.193 Safari/537.36' \
  -H 'Content-Type: application/json' \
  -H 'Origin: https://bostad.blocket.se' \
  -H 'Sec-Fetch-Site: cross-site' \
  -H 'Sec-Fetch-Mode: cors' \
  -H 'Sec-Fetch-Dest: empty' \
  -H 'Referer: https://bostad.blocket.se/' \
  -H 'Accept-Language: en-US,en;q=0.9,ko;q=0.8,hr;q=0.7,sv;q=0.6' \
  --data-binary '{"minRoomCount":"3","maxRoomCount":null,"maxRent":"24000","currency":null,"minRentalLength":"2592000","maxRentalLength":"62208000","minSquareMeters":"50","moveInEarliest":"2020-12-01","moveOutEarliest":null,"moveOutLatest":null,"sharedHomeOk":false,"hasPets":false,"requiresWheelchairAccessible":false,"furnished":"furnished_both","safeRental":false,"homeType":["apartment","terrace_house","loft","duplex"],"matchingArea":{"type":"MultiPolygon","coordinates":[[[[17.7313009,59.4204403],[17.746278,59.411903],[17.7465019,59.4116064],[17.7511348,59.4051316],[17.7581217,59.3953621],[17.7606917,59.3917673],[17.7617994,59.3921637],[17.7633117,59.3927028],[17.7674142,59.394165],[17.7681079,59.3944123],[17.7684123,59.3945094],[17.7684242,59.3945134],[17.7704281,59.395223],[17.7711265,59.3954703],[17.7711716,59.3954862],[17.7730298,59.3961452],[17.7732073,59.3962081],[17.7733857,59.3962719],[17.7735122,59.396316],[17.7735659,59.3963349],[17.7738834,59.3964477],[17.7742415,59.396575],[17.7745399,59.3966816],[17.7749231,59.3968173],[17.7752928,59.3969488],[17.775631,59.3970693],[17.7760289,59.397209],[17.7763179,59.3973121],[17.7766276,59.3974221],[17.7770795,59.397582],[17.7773978,59.397695],[17.777711,59.3978054],[17.778053,59.3979277],[17.7782922,59.3980118],[17.778528,59.3980951],[17.7786021,59.3981223],[17.7786459,59.3981379],[17.779472,59.3984294],[17.7986875,59.3905063],[17.7998436,59.3909847],[17.8012271,59.3915632],[17.8012271,59.3915586],[17.8014185,59.3916391],[17.8018459,59.3918162],[17.8025798,59.3921213],[17.8034664,59.3924915],[17.8041886,59.3927885],[17.8050196,59.3931291],[17.8058681,59.3934811],[17.8068416,59.3938857],[17.8076517,59.39422],[17.8081769,59.394438],[17.8085498,59.3945922],[17.8094739,59.3949734],[17.8110427,59.3956893],[17.8122872,59.3964147],[17.814021,59.3974241],[17.8147334,59.3978086],[17.8152827,59.3979047],[17.8160209,59.3979615],[17.8165359,59.3985295],[17.8171968,59.3989665],[17.8180551,59.3983548],[17.8185271,59.3981669],[17.8189305,59.3977736],[17.8196304,59.3973674],[17.8197888,59.3972755],[17.8199605,59.3964628],[17.8239688,59.3938628],[17.8271102,59.391232],[17.8262901,59.3876976],[17.8252234,59.3833489],[17.824664,59.3817034],[17.8253442,59.3816389],[17.8281878,59.3813542],[17.8303797,59.3811248],[17.8308461,59.3810918],[17.8399355,59.381319],[17.8426091,59.3831153],[17.8438043,59.3839678],[17.8451589,59.3847364],[17.8465938,59.385607],[17.8501472,59.3869838],[17.8516816,59.3876351],[17.853643,59.3884677],[17.8551511,59.3891079],[17.8616141,59.3897679],[17.8632449,59.3910134],[17.8648585,59.3916384],[17.8673907,59.3932074],[17.867588,59.3933296],[17.869974,59.3965414],[17.8725146,59.3957025],[17.8774413,59.3982543],[17.8750638,59.3996655],[17.873433,59.4003952],[17.8729009,59.400701],[17.8721284,59.4011073],[17.8716306,59.4015093],[17.8713731,59.4020991],[17.8749608,59.4036281],[17.876377,59.4031956],[17.8787803,59.40365],[17.8834409,59.4047334],[17.8846768,59.4050829],[17.8877324,59.4060964],[17.8899983,59.4072146],[17.8909682,59.4077607],[17.893114,59.409783],[17.896161,59.4118359],[17.8962501,59.4119617],[17.8962676,59.4119948],[17.8965952,59.4125857],[17.896854,59.413147],[17.896971,59.4136832],[17.8970758,59.41442],[17.8973531,59.4147304],[17.8983205,59.4153794],[17.8990415,59.4157588],[17.8986718,59.4162573],[17.8983144,59.416436],[17.896854,59.4178657],[17.8955562,59.4198519],[17.8955487,59.4198645],[17.8952441,59.4203489],[17.8950943,59.4208882],[17.8948556,59.421659],[17.8945373,59.4226864],[17.8937445,59.4234529],[17.8932808,59.4239011],[17.8919116,59.4236722],[17.8919211,59.4245746],[17.8913354,59.4252451],[17.8911856,59.4254167],[17.8906556,59.4259011],[17.8901252,59.4262041],[17.8888206,59.426382],[17.8876744,59.4266049],[17.8864888,59.4267417],[17.8822781,59.4276481],[17.878741,59.4281339],[17.8780369,59.4282944],[17.8786296,59.4289288],[17.8786773,59.4295812],[17.8778714,59.4309127],[17.8779365,59.4312848],[17.8788198,59.4323058],[17.8796634,59.4325902],[17.879264,59.4335125],[17.878153,59.4340868],[17.8778217,59.4351177],[17.8747864,59.4367814],[17.8753421,59.4407211],[17.8744307,59.4429139],[17.8744153,59.4431731],[17.8743392,59.4438179],[17.874343,59.4447847],[17.8741644,59.4452536],[17.8759666,59.4479926],[17.8743163,59.4490744],[17.8734925,59.4507441],[17.8673206,59.4538971],[17.8503772,59.4538398],[17.8499876,59.4538667],[17.8445046,59.4542454],[17.8441601,59.4542692],[17.8444896,59.4544927],[17.8468032,59.4563072],[17.8460716,59.4600042],[17.8457444,59.4616576],[17.844963,59.4619767],[17.8369088,59.4652655],[17.835275,59.4649173],[17.8340924,59.4646653],[17.8341442,59.4649566],[17.8342207,59.4653867],[17.8342454,59.4655258],[17.8343762,59.4662616],[17.8344146,59.4664772],[17.8344732,59.4668067],[17.834395,59.4668559],[17.8340558,59.4670693],[17.8337684,59.46725],[17.8335355,59.4674939],[17.8334339,59.4676004],[17.8333514,59.4677945],[17.8337381,59.4680998],[17.8328341,59.4681205],[17.8322414,59.4681341],[17.8317359,59.4681457],[17.8312305,59.4681573],[17.8307377,59.4681686],[17.8302281,59.4681803],[17.8297355,59.4681916],[17.8291713,59.4682045],[17.8285606,59.4682185],[17.8277815,59.4682363],[17.8276089,59.4682403],[17.8270899,59.4682522],[17.8265679,59.4682641],[17.8263171,59.4682699],[17.8258045,59.4682816],[17.8252144,59.4682951],[17.8250909,59.4682979],[17.8242971,59.4683168],[17.8249109,59.4705997],[17.8288985,59.4732024],[17.8326076,59.4756228],[17.832666,59.4756608],[17.8328494,59.4768327],[17.8361029,59.4770766],[17.8352764,59.477148],[17.8365666,59.4798139],[17.8369474,59.4812931],[17.8373766,59.4820395],[17.8378165,59.4837938],[17.839399,59.4850767],[17.8400105,59.4867056],[17.8435296,59.4881927],[17.8410727,59.4895899],[17.842213,59.4924216],[17.8397239,59.4928355],[17.8365056,59.4907384],[17.8332011,59.4916535],[17.8278367,59.4947688],[17.8162495,59.5082072],[17.7994167,59.5088333],[17.7990279,59.5051036],[17.7964273,59.5017322],[17.7962814,59.4968706],[17.7936893,59.492762],[17.7943588,59.4889144],[17.7957664,59.4870231],[17.7942472,59.4839899],[17.7950454,59.4812135],[17.7931056,59.4758999],[17.7919297,59.4723643],[17.791904,59.4710912],[17.792934,59.4706421],[17.7940154,59.470411],[17.7947622,59.4699576],[17.796453,59.4682004],[17.7973113,59.4672411],[17.7876125,59.4603073],[17.7775707,59.4519372],[17.7765345,59.4511216],[17.7737048,59.4488942],[17.7734153,59.4486078],[17.7733689,59.4485629],[17.7733696,59.4485074],[17.7724126,59.4475796],[17.7687156,59.4439949],[17.7655444,59.4409193],[17.7643749,59.439785],[17.7643609,59.4397533],[17.7598518,59.4295709],[17.75692,59.4286185],[17.7313009,59.4204403]]]]},"commuteLocation":{"shortName":"Järfälla kommun","searchString":"Järfälla kommun","latitude":"59.44501915","longitude":"17.82201282","placeId":56,"country":"Sweden","countryCode":"SE","formattedAddress":"Järfälla kommun"},"areaId":56,"helper":{},"maxRentSek":"24000","maxRentEur":2400,"maxRentCurrency":"SEK","token":"06e64aa419c6d37a1ea6fd4859fc2546","page":1,"perPage":50}' \
  --compressed


// HUDDINGE
curl 'https://api.qasa.se/v1/homes/search' \
  -H 'Connection: keep-alive' \
  -H 'Accept: application/json' \
  -H 'X-Brand: blocket' \
  -H 'User-Agent: Mozilla/5.0 (Macintosh; Intel Mac OS X 10_15_7) AppleWebKit/537.36 (KHTML, like Gecko) Chrome/86.0.4240.193 Safari/537.36' \
  -H 'Content-Type: application/json' \
  -H 'Origin: https://bostad.blocket.se' \
  -H 'Sec-Fetch-Site: cross-site' \
  -H 'Sec-Fetch-Mode: cors' \
  -H 'Sec-Fetch-Dest: empty' \
  -H 'Referer: https://bostad.blocket.se/' \
  -H 'Accept-Language: en-US,en;q=0.9,ko;q=0.8,hr;q=0.7,sv;q=0.6' \
  --data-binary '{"minRoomCount":"3","maxRoomCount":null,"maxRent":"24000","currency":null,"minRentalLength":"2592000","maxRentalLength":"62208000","minSquareMeters":"50","moveInEarliest":"2020-12-01","moveOutEarliest":null,"moveOutLatest":null,"sharedHomeOk":false,"hasPets":false,"requiresWheelchairAccessible":false,"furnished":"furnished_both","safeRental":false,"homeType":["apartment","terrace_house","loft","duplex"],"matchingArea":{"type":"MultiPolygon","coordinates":[[[[17.8558087,59.2672952],[17.8644347,59.2623494],[17.8723955,59.2602985],[17.8721702,59.2555984],[17.8709793,59.2543698],[17.8716874,59.2524391],[17.8706252,59.2511007],[17.8706789,59.2508264],[17.8723097,59.2497732],[17.8748953,59.2489558],[17.8730714,59.2466572],[17.8728676,59.2456916],[17.8729319,59.2446986],[17.8740048,59.2431953],[17.8735649,59.2415493],[17.8736186,59.2367478],[17.8793371,59.2330105],[17.8794873,59.2322586],[17.8786933,59.2310401],[17.8776872,59.2302225],[17.8763295,59.2297414],[17.8767612,59.2293761],[17.8799701,59.2270771],[17.8834999,59.2238767],[17.889366,59.2256492],[17.9017603,59.2277797],[17.9191303,59.2272089],[17.9284973,59.2225377],[17.9283331,59.2176116],[17.9275504,59.2118105],[17.9283899,59.2023726],[17.9283899,59.2023725],[17.9350261,59.1932859],[17.9383066,59.191341],[17.9426682,59.1911992],[17.9438054,59.1911515],[17.9469455,59.1910199],[17.9614791,59.1884273],[17.9643969,59.187936],[17.9663041,59.1846577],[17.9666759,59.1838892],[17.9687593,59.179902],[17.9704396,59.1767096],[17.971593,59.1681997],[17.9787157,59.1621315],[17.9844222,59.156685],[17.9893489,59.156047],[17.9930482,59.1559105],[17.9986659,59.153286],[18.004886,59.1504421],[18.0056601,59.1500882],[18.0077385,59.1491549],[18.0109822,59.1476902],[18.0115675,59.147426],[18.0252261,59.1412579],[18.0384784,59.1442426],[18.0576272,59.1481911],[18.0581336,59.1487765],[18.058561,59.1488928],[18.0591206,59.149045],[18.0596957,59.1485432],[18.0612829,59.1488594],[18.0662435,59.1498475],[18.0675796,59.1501136],[18.0683131,59.1502597],[18.0837317,59.14964],[18.0873675,59.1494939],[18.0887958,59.1500313],[18.0935559,59.1518222],[18.0940859,59.151941],[18.0890906,59.1561064],[18.0916762,59.1570679],[18.1012032,59.1628226],[18.1030269,59.163926],[18.1080918,59.167012],[18.1065817,59.1708416],[18.1034179,59.1785836],[18.1014523,59.1810901],[18.0998731,59.1829458],[18.0992379,59.1843616],[18.1037354,59.1858169],[18.1063876,59.1851135],[18.1090226,59.1837504],[18.1132111,59.1860851],[18.1172023,59.1865512],[18.1179919,59.1874525],[18.1177258,59.188112],[18.1204295,59.1903145],[18.1182408,59.1917344],[18.1263518,59.1942268],[18.1263997,59.1942406],[18.1325831,59.1960202],[18.1344869,59.1958735],[18.1405355,59.1954051],[18.1408229,59.1965608],[18.1415896,59.1970918],[18.1418336,59.1970605],[18.14215,59.1972938],[18.1424946,59.1977574],[18.1446634,59.1980354],[18.1450541,59.197666],[18.1474038,59.1983545],[18.1497836,59.1989914],[18.1522593,59.1980509],[18.1530832,59.198385],[18.1541561,59.19893],[18.1556152,59.2009824],[18.1575379,59.201835],[18.1654071,59.2051008],[18.1664028,59.2055139],[18.170823,59.2069727],[18.1829938,59.2107865],[18.1817788,59.2122567],[18.1744552,59.2190509],[18.1746639,59.2211828],[18.1750416,59.2244441],[18.1748915,59.2264755],[18.174777,59.2275163],[18.1771877,59.2324263],[18.1757123,59.233938],[18.1622054,59.2362184],[18.1577781,59.2368989],[18.1525089,59.2377192],[18.1467807,59.2386155],[18.141117,59.2402445],[18.1336815,59.2424058],[18.1294755,59.2409919],[18.1293403,59.2409381],[18.1286312,59.241247],[18.1277387,59.2407014],[18.128274,59.240578],[18.1280362,59.2404832],[18.127626,59.2405756],[18.1273339,59.240307],[18.1269123,59.2404279],[18.1268491,59.2403699],[18.125834,59.240583],[18.125884,59.2406632],[18.1247965,59.240855],[18.1246983,59.2407296],[18.1242184,59.2408866],[18.1243045,59.2409894],[18.1236562,59.2410932],[18.1225798,59.2393945],[18.1218696,59.2381731],[18.1223313,59.2373251],[18.1227783,59.2367455],[18.1230806,59.2366297],[18.1240496,59.2349673],[18.1234438,59.2341446],[18.122891,59.23406],[18.1223005,59.2339312],[18.1204325,59.2336061],[18.1199197,59.2335514],[18.1200839,59.2333426],[18.1198007,59.2329438],[18.1195172,59.2323101],[18.1171265,59.2317071],[18.1081198,59.2296093],[18.1080225,59.2272559],[18.0976067,59.2289642],[18.087322,59.2316624],[18.0813758,59.2317356],[18.0736834,59.2339085],[18.0700741,59.2362293],[18.0664828,59.2386678],[18.0652532,59.2393544],[18.0653445,59.2387171],[18.0651422,59.2385027],[18.0644866,59.2382529],[18.0634796,59.2380495],[18.0629761,59.237772],[18.0612185,59.2381649],[18.0612382,59.2388017],[18.0617042,59.2392817],[18.0620523,59.2396881],[18.0622359,59.2406205],[18.0631211,59.2406317],[18.0627068,59.2408727],[18.0549781,59.2452147],[18.0521752,59.2467736],[18.049988,59.2449334],[18.0283429,59.2497946],[18.0279332,59.2499599],[18.025674,59.2512577],[18.0251214,59.2513596],[18.0235619,59.2518472],[18.0222852,59.252328],[18.020793,59.2530177],[18.0196181,59.2536425],[18.0186999,59.2540586],[18.0181192,59.2554068],[18.016675,59.2553072],[18.0154142,59.2561105],[18.014283,59.2561003],[18.0114892,59.2560954],[18.0099722,59.2567013],[18.0064347,59.2580534],[18.004884,59.2586528],[18.0018158,59.2592234],[17.9984696,59.2598601],[17.9981903,59.2599113],[17.9961593,59.2603043],[17.9955919,59.2604512],[17.9946422,59.2606368],[17.9937917,59.2608477],[17.9924645,59.2610949],[17.9911216,59.2613842],[17.9901399,59.2616215],[17.9893785,59.2617929],[17.9885578,59.2619508],[17.9880771,59.2620532],[17.987742,59.2620832],[17.9863768,59.2622818],[17.9854189,59.2623499],[17.9843878,59.2623832],[17.9833486,59.2624622],[17.9831839,59.2624667],[17.9826559,59.2624767],[17.9818714,59.2625013],[17.9806439,59.2625714],[17.9802418,59.2625742],[17.9801345,59.2627197],[17.9802993,59.2629959],[17.9791677,59.2634337],[17.9775201,59.2638962],[17.9758682,59.2640805],[17.9753789,59.264326],[17.9743697,59.2645439],[17.9723956,59.2654212],[17.9714746,59.2659028],[17.9707966,59.2665858],[17.9683969,59.266992],[17.9669594,59.2677815],[17.963408,59.268486],[17.9627559,59.2690623],[17.9615474,59.2693481],[17.9602095,59.2708786],[17.958944,59.2719651],[17.9569005,59.2725384],[17.9562896,59.2733802],[17.955223,59.2743388],[17.9553723,59.2746249],[17.9554796,59.2750963],[17.9557542,59.2759054],[17.9561005,59.2770427],[17.9564586,59.2780322],[17.9565159,59.2783764],[17.956574,59.2787249],[17.9567227,59.2791832],[17.9568468,59.2798348],[17.9566111,59.2805822],[17.9563564,59.2814451],[17.95618,59.2821349],[17.9559978,59.2823074],[17.9537661,59.2830103],[17.9528747,59.283307],[17.9508092,59.2843436],[17.9493785,59.2851262],[17.9496501,59.2853141],[17.9497363,59.2854177],[17.9498925,59.2855823],[17.9499509,59.2858122],[17.9499412,59.2861289],[17.9488984,59.2860558],[17.9484803,59.2860144],[17.9479768,59.2859876],[17.9475767,59.2860321],[17.9471771,59.2861196],[17.9467665,59.2863193],[17.9466055,59.286482],[17.9466402,59.2867981],[17.946889,59.286976],[17.9472043,59.2871054],[17.9482874,59.28738],[17.9479198,59.2877599],[17.9403808,59.2860095],[17.937376,59.2853429],[17.9361301,59.2850093],[17.9359836,59.2849759],[17.9349663,59.2847437],[17.9345319,59.2846446],[17.9267766,59.2828749],[17.924545,59.2822173],[17.9228284,59.2814719],[17.9202964,59.280332],[17.9192001,59.2794566],[17.916137,59.2790812],[17.9152699,59.27897],[17.9142668,59.2774545],[17.911885,59.2734037],[17.9113271,59.272395],[17.9100825,59.2709696],[17.9091813,59.2700486],[17.9081637,59.2692944],[17.9068075,59.2687418],[17.9053189,59.2684916],[17.9040781,59.2684172],[17.9027392,59.2683997],[17.9010397,59.2683426],[17.8995119,59.2680926],[17.8985383,59.2678337],[17.8978282,59.2673994],[17.8971791,59.2676379],[17.8969163,59.2674844],[17.8953338,59.2673199],[17.8937674,59.2673446],[17.8926194,59.2676406],[17.8924638,59.2679915],[17.8924745,59.2688249],[17.892319,59.2689345],[17.8878095,59.2690179],[17.8875949,59.2691714],[17.8877665,59.2702898],[17.885957,59.270299],[17.8815955,59.2702229],[17.8778994,59.2681396],[17.8752601,59.2690552],[17.8721487,59.2731887],[17.8709471,59.273556],[17.8634369,59.2745482],[17.8558087,59.2672952]]]]},"commuteLocation":{"shortName":"Huddinge, Huddinge kommun","searchString":"Huddinge, Huddinge kommun","latitude":"59.2293827","longitude":"17.9748815","placeId":56,"country":"Sweden","countryCode":"SE","formattedAddress":"Huddinge, Huddinge kommun"},"areaId":56,"helper":{},"maxRentSek":"24000","maxRentEur":2400,"maxRentCurrency":"SEK","token":"06e64aa419c6d37a1ea6fd4859fc2546","page":1,"perPage":50}' \
  --compressed











